interation no:1                                            First-order      Norm of
 Iter F-count            f(x)  Feasibility   optimality         step
    0     513   -1.865627e+00    0.000e+00    1.054e-03
    1    1026   -1.864978e+00    0.000e+00    1.054e-03    6.403e-01
    2    1539   -1.865136e+00    0.000e+00    1.054e-03    1.436e-02
    3    2052   -1.865955e+00    0.000e+00    1.054e-03    6.681e-02
    4    2565   -1.870047e+00    0.000e+00    1.055e-03    3.335e-01
    5    3079   -1.880065e+00    0.000e+00    1.057e-03    8.152e-01
    6    3593   -1.880115e+00    0.000e+00    1.057e-03    4.107e-03
    7    4107   -1.880262e+00    0.000e+00    1.057e-03    1.202e-02
    8    4621   -1.881294e+00    0.000e+00    1.057e-03    8.636e-02
    9    5135   -1.883252e+00    0.000e+00    1.058e-03    1.671e-01
   10    5649   -1.884395e+00    0.000e+00    1.058e-03    9.874e-02
   11    6163   -1.888348e+00    0.000e+00    1.058e-03    3.452e-01
   12    6677   -1.890759e+00    0.000e+00    1.059e-03    2.120e-01
   13    7191   -1.894167e+00    0.000e+00    1.059e-03    3.017e-01
   14    7705   -1.896500e+00    0.000e+00    1.060e-03    2.080e-01
   15    8219   -1.899459e+00    0.000e+00    1.061e-03    2.664e-01
   16    8733   -1.902799e+00    0.000e+00    1.061e-03    3.025e-01
   17    9247   -1.905927e+00    0.000e+00    1.062e-03    2.843e-01
   18    9760   -1.895841e+00    0.000e+00    1.060e-03    9.164e-01
   19   10273   -1.938344e+00    0.000e+00    1.067e-03    3.863e+00
   20   10786   -1.920519e+00    0.000e+00    1.064e-03    1.604e+00
   21   11300   -1.932501e+00    0.000e+00    1.066e-03    1.083e+00
   22   11814   -1.932774e+00    0.000e+00    1.066e-03    2.469e-02
   23   12327   -1.863044e+00    0.000e+00    1.054e-03    6.307e+00
   24   12840   -1.880220e+00    0.000e+00    1.057e-03    1.567e+00
   25   13353   -1.976272e+00    0.000e+00    1.090e-03    8.689e+00
   26   13867   -1.984556e+00    0.000e+00    1.095e-03    7.584e-01
   27   14381   -2.005815e+00    0.000e+00    1.109e-03    1.969e+00
   28   14895   -2.055749e+00    0.000e+00    1.141e-03    4.617e+00
   29   15409   -2.347450e+00    0.000e+00    1.332e-03    2.638e+01
   30   15923   -3.205061e+00    0.000e+00    1.877e-03    7.399e+01

                                            First-order      Norm of
 Iter F-count            f(x)  Feasibility   optimality         step
   31   16437   -3.604177e+00    0.000e+00    2.088e-03    3.385e+01
   32   16951   -3.886472e+00    0.000e+00    2.202e-03    2.413e+01
   33   17465   -4.482731e+00    0.000e+00    2.586e-03    5.254e+01
   34   17979   -6.229405e+00    0.000e+00    7.786e-03    2.271e+02
   35   18492   -6.345917e+00    0.000e+00    7.083e-03    9.136e+01
   36   19005   -6.352659e+00    0.000e+00    7.369e-03    1.182e+01
   37   19518   -6.360067e+00    0.000e+00    7.598e-03    1.001e+01
   38   20031   -6.374989e+00    0.000e+00    7.844e-03    1.118e+01
   39   20545   -6.375070e+00    0.000e+00    7.844e-03    3.142e-02
   40   21058   -6.383051e+00    0.000e+00    7.874e-03    2.841e-01
   41   21573   -6.383051e+00    0.000e+00    7.874e-03    2.121e-07
   42   22088   -6.416340e+00    0.000e+00    8.077e-03    4.905e+00
   43   22602   -6.431947e+00    0.000e+00    8.137e-03    8.654e-01
   44   23116   -6.505837e+00    0.000e+00    8.385e-03    2.532e+00
   45   23630   -6.523742e+00    0.000e+00    8.399e-03    3.005e+00
   46   24143   -6.657915e+00    0.000e+00    8.507e-03    1.875e+01
   47   24657   -6.682224e+00    0.000e+00    8.517e-03    3.481e+00
   48   25171   -6.748479e+00    0.000e+00    8.547e-03    8.572e+00
   49   25685   -6.749740e+00    0.000e+00    8.545e-03    2.185e-01
   50   26198   -6.823944e+00    0.000e+00    9.364e-03    1.468e+01
   51   26712   -6.845137e+00    0.000e+00    9.793e-03    4.853e+00
   52   27226   -6.857848e+00    0.000e+00    1.006e-02    2.821e+00
   53   27739   -6.912325e+00    0.000e+00    1.163e-02    1.594e+01
   54   28253   -6.913923e+00    0.000e+00    1.167e-02    3.172e-01
   55   28767   -6.934874e+00    0.000e+00    1.216e-02    3.912e+00
   56   29280   -6.990632e+00    0.000e+00    1.404e-02    1.405e+01
   57   29794   -6.992023e+00    0.000e+00    1.408e-02    2.218e-01
   58   30307   -7.042889e+00    0.000e+00    1.516e-02    5.817e+00
   59   30820   -7.072367e+00    0.000e+00    1.575e-02    3.078e+00
   60   31333   -7.209807e+00    0.000e+00    1.863e-02    1.370e+01

                                            First-order      Norm of
 Iter F-count            f(x)  Feasibility   optimality         step
   61   31847   -7.211012e+00    0.000e+00    1.865e-02    5.591e-02
   62   32360   -7.262369e+00    0.000e+00    1.947e-02    3.137e+00
   63   32874   -7.315127e+00    0.000e+00    1.991e-02    1.295e+00
   64   33388   -7.330640e+00    0.000e+00    2.003e-02    5.714e-01
   65   33901   -7.362481e+00    0.000e+00    2.029e-02    1.928e+00
   66   34414   -7.410340e+00    0.000e+00    1.971e-02    4.712e+00
   67   34927   -7.429034e+00    0.000e+00    1.989e-02    1.298e+00
   68   35442   -7.447014e+00    0.000e+00    1.985e-02    1.864e+00
   69   35956   -7.466508e+00    0.000e+00    1.983e-02    1.868e+00
   70   36470   -7.509422e+00    0.000e+00    1.980e-02    3.924e+00
   71   36983   -7.553521e+00    0.000e+00    1.979e-02    4.049e+00
   72   37496   -7.704947e+00    0.000e+00    1.979e-02    1.325e+01
   73   38010   -7.705857e+00    0.000e+00    1.979e-02    7.393e-02
   74   38523   -7.752430e+00    0.000e+00    1.996e-02    3.217e+00
   75   39037   -7.789587e+00    0.000e+00    2.008e-02    2.195e+00
   76   39550   -7.835302e+00    0.000e+00    2.042e-02    2.593e+00
   77   40064   -7.836494e+00    0.000e+00    2.043e-02    7.248e-02
   78   40577   -7.988068e+00    0.000e+00    2.201e-02    7.984e+00
   79   41090   -8.002301e+00    0.000e+00    2.249e-02    1.327e+00
   80   41604   -8.004899e+00    0.000e+00    2.256e-02    1.408e-01
   81   42118   -8.072951e+00    0.000e+00    2.433e-02    3.754e+00
   82   42632   -8.125015e+00    0.000e+00    2.552e-02    2.626e+00
   83   43146   -8.206428e+00    0.000e+00    2.702e-02    3.651e+00
   84   43660   -8.206946e+00    0.000e+00    2.703e-02    1.617e-02
   85   44173   -8.214381e+00    0.000e+00    2.730e-02    1.468e+00
   86   44686   -8.224585e+00    0.000e+00    2.759e-02    1.729e+00
   87   45199   -8.247048e+00    0.000e+00    2.740e-02    8.175e-01
   88   45713   -8.281169e+00    0.000e+00    2.747e-02    1.137e+00
   89   46227   -8.315530e+00    0.000e+00    2.751e-02    1.156e+00
   90   46741   -8.338121e+00    0.000e+00    2.749e-02    6.432e-01

                                            First-order      Norm of
 Iter F-count            f(x)  Feasibility   optimality         step
   91   47255   -8.429732e+00    0.000e+00    2.740e-02    2.510e+00
   92   47769   -8.435724e+00    0.000e+00    2.738e-02    1.421e-01
   93   48283   -8.479985e+00    0.000e+00    2.722e-02    1.057e+00
   94   48797   -8.481282e+00    0.000e+00    2.722e-02    2.850e-02
   95   49310   -8.524549e+00    0.000e+00    2.711e-02    1.814e+00
   96   49824   -8.600783e+00    0.000e+00    2.712e-02    2.043e+00
   97   50338   -8.646810e+00    0.000e+00    2.861e-02    1.069e+00
   98   50853   -8.647330e+00    0.000e+00    2.862e-02    9.982e-03
   99   51367   -8.680029e+00    0.000e+00    2.864e-02    6.608e-01
  100   51880   -8.755612e+00    0.000e+00    2.864e-02    1.631e+00
  101   52393   -8.762035e+00    0.000e+00    2.866e-02    3.253e-01
  102   52906   -8.848254e+00    0.000e+00    2.879e-02    3.568e+00
  103   53420   -8.868342e+00    0.000e+00    2.881e-02    5.335e-01
  104   53933   -8.889011e+00    0.000e+00    2.885e-02    6.622e-01
  105   54447   -8.921073e+00    0.000e+00    2.929e-02    7.480e-01
  106   54961   -8.935022e+00    0.000e+00    2.972e-02    3.260e-01
  107   55474   -8.955119e+00    0.000e+00    2.973e-02    4.610e-01
  108   55988   -8.969402e+00    0.000e+00    2.975e-02    3.350e-01
  109   56502   -9.015053e+00    0.000e+00    2.980e-02    1.080e+00
  110   57016   -9.046828e+00    0.000e+00    2.983e-02    7.575e-01
  111   57530   -9.054379e+00    0.000e+00    2.983e-02    1.650e-01
  112   58043   -9.098353e+00    0.000e+00    2.983e-02    1.114e+00
  113   58557   -9.140106e+00    0.000e+00    2.981e-02    9.045e-01
  114   59071   -9.142668e+00    0.000e+00    2.981e-02    5.464e-02
  115   59586   -9.154258e+00    0.000e+00    2.981e-02    3.224e-01
  116   60099   -9.194204e+00    0.000e+00    2.983e-02    1.137e+00
  117   60612   -9.274195e+00    0.000e+00    2.988e-02    2.149e+00
  118   61125   -9.294910e+00    0.000e+00    2.989e-02    6.428e-01
  119   61638   -9.356798e+00    0.000e+00    2.983e-02    1.724e+00
  120   62152   -9.453274e+00    0.000e+00    2.986e-02    2.196e+00

                                            First-order      Norm of
 Iter F-count            f(x)  Feasibility   optimality         step
  121   62666   -9.475743e+00    0.000e+00    2.986e-02    4.625e-01
  122   63180   -9.493733e+00    0.000e+00    2.985e-02    3.741e-01
  123   63693   -9.547526e+00    0.000e+00    3.072e-02    1.204e+00
  124   64207   -9.555419e+00    0.000e+00    3.078e-02    2.430e-01
  125   64720   -9.609500e+00    0.000e+00    3.103e-02    1.739e+00
  126   65235   -9.618810e+00    0.000e+00    3.107e-02    2.611e-01
  127   65749   -9.630996e+00    0.000e+00    3.111e-02    3.264e-01
  128   66262   -9.715540e+00    0.000e+00    3.126e-02    2.000e+00
  129   66776   -9.716179e+00    0.000e+00    3.126e-02    1.486e-02
  130   67291   -9.771357e+00    0.000e+00    3.140e-02    1.384e+00
  131   67806   -9.776539e+00    0.000e+00    3.141e-02    1.259e-01
  132   68320   -9.806543e+00    0.000e+00    3.146e-02    6.809e-01
  133   68834   -9.816674e+00    0.000e+00    3.146e-02    2.066e-01
  134   69350   -9.827143e+00    0.000e+00    3.146e-02    2.174e-01
  135   69863   -9.788699e+00    0.000e+00    3.146e-02    7.905e-01
  136   70377   -9.803755e+00    0.000e+00    3.146e-02    3.062e-01
  137   70893   -9.823534e+00    0.000e+00    3.147e-02    4.020e-01
  138   71413   -9.891780e+00    0.000e+00    1.481e-02    1.338e+00
  139   71927   -9.900201e+00    0.000e+00    1.490e-02    2.158e-01
  140   72448   -9.956065e+00    0.000e+00    1.532e-02    1.166e+00
  141   72968   -1.002685e+00    0.000e+00    1.540e-03    1.408e+00
  142   73485   -1.002686e+00    0.000e+00    1.541e-03    3.444e-03
  143   74010   -1.003530e+00    0.000e+00    1.554e-03    1.742e-01
Operation terminated by user during channel_calculate